0
0
0
0
0
0
0
0
8
0
0
0
0
13
0
0
0
0
0
0
0
0
0
0
0
0
0
27
0
0
0
0
32
0
0
0
0
0
0
0
0
0
0
0
44
45
46
0
48
49
50
51
52
53
54
55
56
57
0
0
0
61
0
0
0
0
0
0
0
0
0
0
0
0
0
0
0
0
0
0
0
0
0
0
0
0
0
0
0
0
0
91
0
93
0
0
0
0
0
99
100
0
102
103
104
0
0
0
108
109
0
111
112
0
114
115
116
117
118
119
0
0
0
0
0
0
0
127
0
0
0
0
0
0
0
0
0
0
0
0
0
0
0
0
0
0
0
0
0
0
0
0
0
0
0
0
0
0
0
0
0
0
0
0
0
0
0
0
0
0
0
0
0
0
0
0
0
0
0
0
0
0
0
0
0
0
0
0
0
0
0
0
0
0
0
0
0
0
0
0
0
0
0
0
0
0
0
0
0
0
0
0
0
0
0
0
0
0
0
0
0
0
0
0
0
0
0
0
0
0
0
0
0
0
0
0
0
0
0
0
0
0
0
0
0
0
0
0
0
0
0
0
0
0
0
0
0
0
0
0
0
0
0
0
0
0
0
0
0
0
0
0
0
273
274
275
276
277
278
279
280
281
282
283
284
285
286
287
288
289
290
291
292
0
0
0
0
0
0
0
0
0
0
0
0
0
0
0
0
0
0
0
0
0
0
0
0
0
0
0
0
0
0
